 1.35000000e+00
 1.08000000e+00
 1.75000000e+01
 1.77000000e+01
 2.20000000e-01
 1.27000000e+00
 8.80000000e-01
 1.05000000e+01
 2.70000000e-01
 2.20000000e-01
 3.00000000e-02
 7.08000000e+00
 3.10000000e-01
 2.00000000e-01
 2.70000000e-01
 1.33000000e+01
 8.00000000e-02
 2.80000000e-02
 5.80000000e+00
 2.10000000e-01
 2.40000000e+00
 3.70000000e-01
 6.80000000e+00
 1.50000000e+00
 3.90000000e-02
 5.40000000e-01
 6.60000000e-02
 3.15000000e+00
 4.50000000e-01
 2.40000000e-01
 8.00000000e-02
 1.50000000e-01
 5.50000000e-02
 1.40000000e+01
 4.30000000e-01
 7.00000000e-01
 3.00000000e-02
 3.40000000e-02
 4.90000000e-02
 1.80000000e-01
 2.60000000e+00
 4.60000000e-02
 4.10000000e-01
 6.10000000e-02
 3.20000000e+00
 1.41000000e+00
 5.80000000e-01
 1.10000000e-01
 1.66000000e+00
 1.50000000e-01
 1.30000000e+00
 3.20000000e-02
 3.00000000e-02
 1.10000000e-01
 1.39000000e+01
 3.20000000e-01
 2.50000000e+00
 3.21000000e+00
 3.00000000e+00
 4.00000000e-02
 1.10000000e-01
 1.90000000e-01
 4.30000000e-02
 4.60000000e-01
 3.00000000e-02
 3.80000000e-01
 6.53000000e+00
 9.60000000e-01
 9.10000000e-01
 3.36000000e+01
 3.30000000e-02
 4.48000000e+00
 2.30000000e-01
 3.80000000e-01
 2.10000000e-01
 1.50000000e-01
 3.80000000e-01
 2.20000000e+00
 1.80000000e-01
 3.50000000e+00
 4.60000000e-01
 2.20000000e+00
 2.10000000e-01
 2.40000000e-01
 1.40000000e+00
 1.20000000e-01
 8.70000000e+00
 1.70000000e-01
 1.70000000e-01
 2.80000000e-02
 8.00000000e-02
 1.40000000e+01
 2.10000000e-01
 4.20000000e-02
 3.20000000e-01
 2.50000000e+00
 1.90000000e-01
 1.10000000e-01
 1.30000000e+00
 1.70000000e-01
 7.20000000e-02
 4.30000000e-02
 1.90000000e+00
 4.40000000e-01
 1.30000000e-01
 2.50000000e-01
 4.10000000e-01
 8.00000000e-02
 5.70000000e-01
 1.00000000e-01
 3.30000000e+01
 1.10000000e+01
 5.00000000e+01
 2.50000000e+01
 2.70000000e+01
 4.50000000e+01
 2.20000000e+01
 5.00000000e+00
 4.10000000e+00
 6.40000000e+00
 1.60000000e+00
 1.90000000e+01
 5.00000000e+01
 3.50000000e+01
 1.10000000e+01
 1.23000000e+01
 1.35000000e+01
 1.70000000e+00
 2.50000000e+00
 1.80000000e+00
 6.70000000e+00
 1.20000000e+01
 6.00000000e+00
 5.00000000e+01
 1.80000000e+01
 9.80000000e+00
 1.50000000e+01
 1.90000000e+00
 2.10000000e+00
 4.30000000e+00
 2.40000000e+01
 1.80000000e+00
 1.80000000e+01
 8.00000000e+00
 4.20000000e+00
 6.80000000e+00
 2.00000000e+00
 1.50000000e+00
 3.60000000e+00
 5.00000000e+00
 2.50000000e+01
 3.50000000e+01
 2.10000000e+00
 1.90000000e+01
 2.80000000e+01
 2.70000000e+00
 1.90000000e+00
 1.50000000e+00
 4.10000000e+00
 2.70000000e+01
 2.20000000e+01
 2.70000000e+01
 9.00000000e-01
 2.10000000e+00
 2.70000000e+01
 2.50000000e+01
 1.90000000e+00
 5.00000000e+01
 1.20000000e-01
 1.30000000e+01
 3.20000000e-01
 6.10000000e-02
 1.10000000e-01
 2.70000000e+00
 2.90000000e-01
 4.80000000e-02
 1.30000000e-01
 7.40000000e-02
 5.10000000e-01
 1.50000000e-01
 3.40000000e-01
 4.90000000e-02
 6.70000000e-02
 5.50000000e+00
 1.80000000e+00
 7.50000000e-02
 1.60000000e-01
 1.90000000e+00
 8.30000000e+00
 1.40000000e-01
 1.20000000e-01
 3.00000000e-01
 1.30000000e-01
 7.20000000e-02
 4.00000000e-01
 7.10000000e-01
 7.70000000e-02
 1.00000000e+01
 3.00000000e+00
 2.80000000e+00
 1.30000000e+01
 6.20000000e-02
 6.00000000e-01
 2.50000000e-02
 1.10000000e-01
 3.50000000e-02
 3.70000000e+00
 6.80000000e-02
 2.90000000e-02
 1.40000000e-01
 1.70000000e+01
 3.00000000e+00
 1.30000000e+00
 6.00000000e-02
 3.50000000e-02
 1.20000000e-01
 1.10000000e-01
 4.20000000e-01
 2.40000000e+00
 1.30000000e-01
 8.20000000e-02
 2.50000000e+00
 2.00000000e-01
 2.90000000e-02
 6.10000000e-01
 6.70000000e-02
 9.50000000e-02
 3.10000000e-02
 1.30000000e-01
 2.00000000e+00
 5.10000000e-02
 8.40000000e-02
 2.80000000e+00
 4.30000000e-02
 4.80000000e-02
 6.00000000e-01
 6.80000000e+00
 1.80000000e+01
 5.30000000e-02
 2.70000000e+01
 4.20000000e-02
 2.30000000e-01
 1.30000000e+00
 2.30000000e-01
 6.30000000e-02
 1.90000000e-01
 7.50000000e-02
 2.60000000e-01
 8.00000000e+00
 3.70000000e+00
 2.10000000e-01
 4.50000000e-01
 3.40000000e-02
 1.00000000e-01
 7.70000000e-01
 3.00000000e-02
 1.20000000e+00
 3.04000000e+00
 2.05000000e+00
 4.60000000e-01
 7.33000000e+00
 3.60000000e-01
 7.08000000e+00
 4.50000000e+00
 3.89000000e+00
 2.80000000e-01
 1.54000000e+00
 1.05000000e+00
 3.00000000e-02
 3.68000000e+00
 5.40000000e+00
 5.76000000e+00
 1.40000000e+00
 2.29000000e+00
 8.00000000e-02
 2.80000000e-01
 2.13000000e+00
 1.20000000e+00
 8.00000000e-02
 3.00000000e+00
 3.10000000e+00
 6.00000000e-01
 7.00000000e-02
 4.20000000e+00
 2.60000000e+00
 1.70000000e-01
 4.00000000e-01
 1.71000000e+01
 2.00000000e-01
 7.30000000e-01
 3.90000000e+00
 3.40000000e+00
 1.70000000e+00
 4.00000000e-01
 1.10000000e+00
 7.00000000e-01
 2.00000000e-01
 1.60000000e+00
 2.00000000e-01
 8.80000000e-01
 5.00000000e-01
 4.00000000e-01
 2.90000000e+00
 8.00000000e-02
 5.00000000e+01
 3.50000000e+01
 2.20000000e+01
 4.00000000e+01
 1.00000000e+01
 5.00000000e+01
 5.00000000e+01
 5.00000000e+01
 5.00000000e+01
 5.00000000e+01
 5.10000000e+01
 6.60000000e+00
 5.80000000e+00
 5.00000000e+01
 6.40000000e+00
 3.60000000e+01
 1.40000000e+01
 6.50000000e+00
 5.00000000e+01
 5.30000000e+00
 2.80000000e+01
 5.00000000e+01
 3.90000000e+01
 4.90000000e+01
 1.60000000e+01
 1.67000000e+00
 1.12200000e+01
 1.13000000e+00
 1.65000000e+00
 1.40000000e-01
 1.40000000e+00
 3.97000000e+00
 2.02500000e+01
 2.70000000e-01
 1.80000000e-01
 8.90000000e-01
 6.70000000e-01
 4.00000000e-01
 3.60000000e-01
 7.10000000e-01
 1.62000000e+00
 1.60000000e-01
 6.00000000e-02
 1.10000000e-01
 2.90000000e-01
 1.10000000e+00
 1.12200000e+01
 7.76000000e+00
 1.10000000e-01
 3.40000000e-01
 8.00000000e+00
 6.70000000e+00
 1.62000000e+02
 9.30000000e+00
 1.10000000e+01
 1.60000000e+00
 2.70000000e+01
 7.00000000e+00
 7.40000000e+00
 5.80000000e+01
 1.60000000e+01
 6.10000000e+00
 4.00000000e+01
 2.00000000e+01
 7.00000000e+00
 1.40000000e+00
 2.60000000e+00
 1.40000000e+01
 1.90000000e+01
 1.80000000e+00
 4.50000000e+01
 2.50000000e+01
 2.50000000e+00
 9.40000000e+00
 1.50000000e+00
 6.70000000e+00
 2.31000000e+03
 3.60000000e+03
 4.20000000e+03
 5.10000000e+03
 2.00000000e-01
 5.20000000e-02
 8.00000000e-03
 9.30000000e-02
 1.00000000e-02
 9.00000000e+00
 1.40000000e+01
 1.10000000e+00
 2.00000000e+01
 7.90000000e+00
 8.70000000e+00
 7.70000000e+00
 3.30000000e-02
 1.80000000e-02
 1.90000000e-02
 1.10000000e-02
 3.50000000e-02
 8.60000000e-02
 2.80000000e-02
 1.90000000e-02
 3.80000000e-02
 4.90000000e-02
 3.10000000e-02
 1.20000000e-02
 4.40000000e-02
 8.30000000e-02
 2.10000000e-02
 2.10000000e-02
 2.40000000e-02
 5.00000000e-03
 6.00000000e-02
 8.00000000e-03
 3.00000000e-02
 7.00000000e-03
 2.40000000e-02
 6.00000000e-03
 8.70000000e-02
 4.60000000e-02
 2.40000000e-02
 1.30000000e-02
 2.50000000e-02
 6.00000000e-03
 3.30000000e-02
 9.00000000e-03
 7.00000000e-02
 1.00000000e-02
 2.80000000e-02
 6.00000000e-03
 2.20000000e+00
 4.60000000e+00
 1.90000000e-01
 1.40000000e-01
 1.20000000e+01
 2.30000000e+01
 7.30000000e+00
 3.10000000e+00
 3.00000000e-01
 2.00000000e-01
 1.20000000e-01
 2.20000000e-01
 3.20000000e-02
 1.60000000e-02
 2.60000000e-02
 7.00000000e-03
 3.50000000e-01
 6.30000000e-01
 2.90000000e-02
 1.60000000e-02
 2.50000000e-02
 7.00000000e-03
 1.50000000e+00
 3.30000000e-01
 5.10000000e+00
 2.40000000e+00
 2.80000000e+01
 1.40000000e+00
 8.40000000e+00
 7.50000000e+00
 9.10000000e-01
 1.90000000e-01
 1.10000000e+00
 2.60000000e-01
 3.30000000e+00
 3.30000000e-01
 4.90000000e-02
 4.00000000e-03
 5.80000000e-02
 4.60000000e-02
 2.00000000e+01
 1.10000000e+02
 1.40000000e+02
 1.90000000e+01
 1.60000000e+02
 2.80000000e+01
 3.90000000e+01
 3.30000000e+01
 1.40000000e+01
 2.70000000e+01
 1.00000000e-01
 8.40000000e+01
 6.80000000e+01
 1.80000000e+01
 1.49000000e+02
 1.60000000e+01
 2.20000000e+02
 5.00000000e+01
 1.20000000e+01
 3.30000000e+00
 4.58000000e+01
 2.36000000e+01
 4.90000000e+00
 7.10000000e+00
 2.38000000e+01
 3.84000000e+01
 8.80000000e+00
 1.48000000e+02
 2.15000000e-01
 3.00000000e+00
 3.17000000e+00
 2.66000000e+00
 3.48000000e-01
 1.00000000e-02
 4.70000000e-02
 3.00000000e-02
 5.10000000e-02
 4.30000000e-02
 1.00000000e-01
 4.00000000e-03
 1.00000000e-02
 1.00000000e-02
 5.76000000e-01
 5.00000000e+00
 8.00000000e-03
 2.10000000e-02
 4.40000000e-02
 2.00000000e-01
 2.00000000e-03
 2.30000000e-02
 2.80000000e-02
 7.30000000e-02
 1.00000000e-03
 1.60000000e-02
 1.50000000e-02
 8.00000000e-03
 3.00000000e-03
 9.40000000e-02
 2.70000000e-01
 9.80000000e-02
 2.10000000e-01
 1.80000000e-02
 4.80000000e-02
 8.20000000e-02
 1.00000000e-01
 8.30000000e-01
 1.40000000e+00
 1.10000000e-01
 3.70000000e+01
 4.70000000e-02
 9.60000000e-01
 8.80000000e+02
 4.00000000e-01
 1.20000000e+00
 9.70000000e+03
 5.70000000e-01
 4.58000000e+04
 5.00000000e+03
 1.70000000e+02
 2.15000000e+01
 6.10000000e+01
 7.80000000e+01
 1.21600000e+00
 3.00000000e+00
 1.70000000e+02
 3.00000000e+01
 1.00000000e-03
 1.00000000e-03
 2.00000000e-03
 3.00000000e-03
 3.00000000e-03
 3.00000000e-03
 7.00000000e-03
 8.00000000e-03
 9.00000000e-03
 9.00000000e-03
 1.00000000e-02
 1.00000000e-02
 1.10000000e-02
 1.50000000e-02
 2.00000000e-02
 2.00000000e-02
 2.00000000e-02
 2.40000000e-02
 3.00000000e-02
 3.00000000e-02
 3.00000000e-02
 4.00000000e-02
 7.00000000e-02
 8.00000000e-02
 8.30000000e-02
 9.00000000e-02
 1.10000000e-01
 1.20000000e-01
 1.90000000e-01
 1.90000000e-01
 3.70000000e-01
 3.90000000e-01
 3.90000000e-01
 5.50000000e-01
 9.00000000e-01
 1.80000000e+00
 4.10000000e+00
 7.90000000e+00
 1.00000000e+01
 1.00000000e+01
 2.00000000e+00
 5.00000000e+01
 3.80000000e+01
 7.10000000e+01
 6.60000000e+01
 5.40000000e+01
 1.70000000e+01
 1.80000000e+01
 2.50000000e+01
 8.80000000e+01
 8.20000000e+01
 2.19000000e+02
 1.00000000e+01
 1.00000000e+01
 1.81000000e+00
 1.00000000e-01
 5.20000000e-01
 1.30000000e+01
 9.00000000e-03
 9.30000000e+01
 3.20000000e-01
 5.60000000e-01
 2.90000000e+00
 6.00000000e-01
 1.40000000e+02
 1.20700000e+00
 6.15000000e-08
 9.88000000e-08
 1.25000000e-06
 9.33000000e-07
 4.51000000e-07
 2.44000000e-07
 9.34000000e-07
 4.25000000e+00
 2.30000000e+01
 5.00000000e+01
 4.00000000e+00
 5.50000000e+00
 1.90000000e+00
 5.00000000e+01
 7.60000000e+01
 1.00000000e+01
 6.90000000e+01
 5.80000000e-01
 9.40000000e+02
 2.20000000e+02
 2.60000000e+02
 6.10000000e+02
 4.50000000e+03
 1.40000000e+01
 2.70000000e+02
 3.90000000e+02
 2.70000000e+04
 6.50000000e+03
 1.40000000e-02
 1.31000000e+01
 7.20000000e-01
 1.40000000e-01
 9.98000000e-01
 1.38000000e+00
 1.55000000e+00
 5.60000000e-02
 3.34000000e+00
 4.47000000e-01
 7.38000000e-01
 3.50000000e-01
 1.58000000e+00
 1.83000000e-01
 1.12000000e-01
 5.01000000e-01
 6.62000000e-01
 3.13000000e-01
 7.40000000e-02
 4.50000000e+00
 3.60000000e+00
 4.85000000e-01
 2.10000000e+00
 3.20000000e-01
 1.90000000e-02
 6.50000000e-02
 7.70000000e-02
 2.16000000e-01
 5.77000000e-01
 4.24000000e-01
 3.34000000e-01
 1.80000000e+00
 6.50000000e+01
 2.90000000e+00
 4.60000000e+00
 9.00000000e-04
 5.70000000e+02
 1.50000000e+01
 2.27000000e+01
 2.00000000e+02
 1.10000000e+01
 4.10000000e+03
 2.00000000e+03
 1.00000000e+03
 2.80000000e+03
 1.60000000e+03
 1.20000000e+01
 1.30000000e+01
 1.88000000e+02
 2.50000000e+01
 1.00000000e+00
 3.48000000e+00
 6.30000000e+00
 6.20000000e+00
 7.20000000e+00
 7.50000000e+00
 7.20000000e+00
 8.00000000e+00
 8.60000000e+00
 8.70000000e+00
 7.50000000e+00
 7.10000000e+00
 7.10000000e+00
 8.10000000e+00
 6.70000000e+00
 6.90000000e+00
 6.70000000e+00
 7.00000000e+00
 6.40000000e+00
 7.10000000e+00
 5.30000000e+00
 7.60000000e+00
 7.00000000e+00
 6.10000000e+00
 7.40000000e+00
 7.10000000e+00
 7.60000000e+00
 7.20000000e+00
 7.60000000e+00
 7.20000000e+00
 8.30000000e+00
 8.70000000e+00
 5.60000000e+00
 5.50000000e+00
 6.80000000e+00
 6.80000000e+00
 6.10000000e+00
 7.00000000e+00
 7.20000000e+00
 1.06400000e+03
 1.95000000e+03
 2.05000000e+02
 8.14000000e+02
 1.87000000e+02
 9.50000000e+02
 7.90000000e+01
 4.00000000e+03
 6.28000000e+02
 4.89900000e+03
 7.25000000e+02
 8.60000000e+01
 6.29300000e+03
 5.70000000e+01
 4.46000000e+02
 4.88000000e+03
 4.88000000e+03
 7.50000000e+01
 1.58600000e+03
 2.44000000e+04
 1.30000000e+01
 6.70000000e+01
 5.10000000e+01
 3.90000000e+01
 4.20000000e+01
 3.26000000e+02
 1.99000000e+02
 7.00000000e+01
 3.00000000e+02
 2.87000000e+02
 1.95000000e+03
 2.00000000e+01
 2.16000000e+02
 1.10000000e+01
 4.60000000e+01
 5.00000000e+00
 1.00000000e+01
 1.40000000e+01
 5.00000000e+00
 8.00000000e+00
 1.20000000e+01
 1.30000000e+01
 6.00000000e+00
 4.00000000e+00
 7.00000000e+00
 8.00000000e+00
 3.00000000e+04
 9.66600000e+03
 9.83000000e+02
 3.00000000e+04
 3.00000000e+04
 7.36000000e+02
 1.01000000e+03
 4.10000000e+01
 5.00000000e+01
 1.70000000e+01
 5.90000000e+01
 4.40000000e+01
 3.80000000e+01
 4.60000000e+01
 1.54000000e+02
 1.70000000e+01
 2.40000000e+01
 2.00000000e+01
 2.40000000e+01
 1.50000000e+01
 8.70000000e+00
 1.75000000e+01
 5.10000000e+03
 9.20000000e+00
 1.71000000e+00
 3.00000000e+01
 3.00000000e+01
 1.25100000e+01
 3.00000000e+01
 2.80000000e-02
 5.00000000e-02
 1.20000000e+01
 1.75000000e+02
 2.70000000e+03
 6.00000000e-02
 2.87900000e+01
 1.80600000e+01
 6.30000000e-02
 1.78000000e-01
 6.30000000e-02
 6.00000000e+00
 7.00000000e+00
 2.00000000e+01
 6.00000000e+01
 2.60000000e+01
 5.00000000e-02
 6.43700000e+02
 6.30000000e-02
 1.78000000e-01
 6.30000000e-02
 2.50000000e+02
 7.00000000e-01
 1.20000000e+00
 1.56000000e+00
 3.17000000e+00
 9.59000000e+00
 9.13000000e+00
 1.50400000e+01
 1.78400000e+01
 4.84000000e+00
 5.33000000e+00
 1.26500000e+01
 1.19100000e+01
 1.52200000e+01
 1.51800000e+01
 1.10000000e-01
 8.20000000e-02
 1.30000000e-03
 2.00000000e+01
 1.90000000e+00
 4.30000000e+00
 1.82000000e+01
 6.30000000e+00
 4.30000000e+00
 3.20000000e+00
 1.10000000e+01
 1.60000000e+00
 3.00000000e+00
 5.00000000e+00
 2.50000000e+00
 5.60000000e+00
 5.00000000e+00
 1.66000000e+00
 1.25000000e+00
 1.20000000e+00
 3.00000000e+00
 1.25000000e+01
 7.00000000e-01
 5.00000000e-01
 5.00000000e-01
 4.50000000e-01
 1.80000000e-01
 1.60000000e-01
 6.90000000e+01
 1.60000000e+02
 2.80000000e+01
 2.20000000e+01
 2.60000000e+01
 2.80000000e+01
 7.60000000e+02
 1.40000000e+00
 1.20000000e+00
 2.80000000e+00
 2.00000000e+01
 3.10000000e+00
 3.60000000e+00
 8.00000000e+00
 3.20000000e+00
 6.93400000e+01
 1.29860000e+02
 8.12800000e+01
 2.71850000e+02
 1.38060000e+02
 2.82300000e+01
 1.04200000e+02
 9.97500000e+01
 3.25700000e+01
 3.33890000e+02
 9.91500000e+01
 9.61500000e+01
 1.54160000e+02
 5.64900000e+01
 2.60790000e+02
 3.70600000e+02
 4.63000000e+00
 1.85000000e+00
 7.30000000e+00
 2.82000000e+01
 2.70000000e+01
 1.00000000e+01
 2.12000000e+00
 2.70000000e+01
 2.28000000e+00
 3.80000000e+00
 6.30000000e-01
 3.20000000e-01
 3.50000000e+00
 9.90000000e+00
 7.00000000e+00
 3.28000000e+00
 1.10000000e+01
 6.00000000e-01
 1.12000000e+00
 4.30000000e+00
 1.00000000e+00
 8.00000000e-01
 3.29000000e+01
 6.30000000e+00
 2.08000000e+01
 1.36000000e+01
 6.60000000e+00
 1.70000000e+00
 4.10000000e+00
 2.70000000e+00
 5.70000000e+00
 2.24000000e+01
 2.03000000e+01
 3.00000000e-01
 6.00000000e-01
 1.80000000e+00
 5.10000000e+00
 2.28200000e+02
 2.40000000e+00
 1.62000000e+01
 2.10000000e+00
 2.00000000e+00
 2.80000000e+00
 2.10000000e+00
 1.00000000e+00
 8.00000000e-01
 1.40000000e+00
 1.00000000e+00
 3.60000000e+00
 2.00000000e-01
 7.60000000e+00
 4.00000000e-01
 3.00000000e-01
 6.00000000e-01
 1.50000000e+00
 9.00000000e-01
 9.40000000e+00
 1.20000000e+00
 6.50000000e+00
 1.13000000e+01
 5.00000000e+01
 1.80000000e+01
 4.90000000e+01
 5.60000000e+01
 3.00000000e+00
 1.50000000e+00
 2.90000000e+00
 6.90000000e+01
 1.60000000e+02
 2.90000000e+00
 9.30000000e+00
 3.30000000e+01
 1.20000000e+00
 1.10000000e+03
 1.30000000e+02
 4.50000000e+02
 2.70000000e+02
 1.90000000e+03
 8.53000000e+00
 8.36000000e+00
 7.30000000e+00
 7.93000000e+00
 7.26000000e+00
 8.27000000e+00
 8.85000000e+00
 8.15000000e+00
 8.86000000e+00
 8.35000000e+00
 7.35000000e+00
 5.92000000e+00
 8.37000000e+00
 8.29000000e+00
 8.59000000e+00
 8.43000000e+00
 8.33000000e+00
 7.16000000e+00
 8.86000000e+00
 5.99000000e+00
 8.99000000e+00
 8.77000000e+00
 6.17000000e+00
 8.71000000e+00
 8.42000000e+00
 6.95000000e+00
 7.27000000e+00
 6.63000000e+00
 8.74000000e+00
 7.84000000e+00
 8.90000000e+00
 8.73000000e+00
 8.16000000e+00
 8.84000000e+00
 8.66000000e+00
 8.51000000e+00
 8.53000000e+00
 8.73000000e+00
 8.16000000e+00
 7.76000000e+00
 8.04000000e+00
 7.67000000e+00
 8.76000000e+00
 8.09000000e+00
 8.32000000e+00
 8.78000000e+00
 7.72000000e+00
 6.84000000e+00
 9.01000000e+00
 6.54000000e+00
 8.56000000e+00
 8.35000000e+00
 5.86000000e+00
 8.66000000e+00
 8.70000000e+00
 9.12000000e+00
 8.72000000e+00
 8.62000000e+00
 8.66000000e+00
 8.27000000e+00
 8.20000000e+00
 8.22000000e+00
 7.88000000e+00
 8.45000000e+00
 8.35000000e+00
 7.73000000e+00
 8.75000000e+00
 8.80000000e+00
 8.54000000e+00
 8.41000000e+00
 7.78000000e+00
 8.57000000e+00
 9.21000000e+00
 8.76000000e+00
 7.96000000e+00
 8.50000000e+00
 8.30000000e+00
 8.81000000e+00
 8.79000000e+00
 6.13000000e+00
 8.10000000e+00
 8.71000000e+00
 9.29000000e+00
 8.78000000e+00
 8.75000000e+00
 8.97000000e+00
 8.79000000e+00
 8.76000000e+00
 8.46000000e+00
 7.83000000e+00
 9.25000000e+00
 6.28000000e+00
 8.14000000e+00
 9.02000000e+00
 7.11000000e+00
 6.10000000e+00
 8.12000000e+00
 8.73000000e+00
 8.60000000e+00
 8.62000000e+00
 8.04000000e+00
 8.46000000e+00
 8.43000000e+00
 8.66000000e+00
 8.41000000e+00
 6.39000000e+00
 8.62000000e+00
 8.62000000e+00
 8.06000000e+00
 8.21000000e+00
 8.33000000e+00
 9.07000000e+00
 8.75000000e+00
 8.33000000e+00
 6.10000000e+00
 7.65000000e+00
 8.87000000e+00
 7.01000000e+00
 8.62000000e+00
 7.81000000e+00
 8.25000000e+00
 8.86000000e+00
 8.61000000e+00
 6.16000000e+00
 8.19000000e+00
 8.42000000e+00
 8.06000000e+00
 8.93000000e+00
 8.85000000e+00
 8.97000000e+00
 8.43000000e+00
 8.15000000e+00
 8.67000000e+00
 8.69000000e+00
 8.85000000e+00
 7.97000000e+00
 6.58000000e+00
 7.78000000e+00
 8.81000000e+00
 7.57000000e+00
 8.39000000e+00
 8.04000000e+00
 8.47000000e+00
 6.88000000e+00
 9.14000000e+00
 8.85000000e+00
 8.82000000e+00
 8.47000000e+00
 7.37000000e+00
 9.06000000e+00
 8.51000000e+00
 9.21000000e+00
 8.24000000e+00
 6.56000000e+00
 7.94000000e+00
 8.05000000e+00
 8.91000000e+00
 8.55000000e+00
 8.68000000e+00
 8.86000000e+00
 8.38000000e+00
 6.64000000e+00
 8.85000000e+00
 8.07000000e+00
 8.34000000e+00
 8.43000000e+00
 8.98000000e+00
 9.01000000e+00
 7.68000000e+00
 8.51000000e+00
 7.49000000e+00
 8.07000000e+00
 6.45000000e+00
 7.91000000e+00
 7.30000000e+00
 8.74000000e+00
 6.83000000e+00
 7.65000000e+00
 7.87000000e+00
 7.47000000e+00
 8.62000000e+00
 8.92000000e+00
 8.41000000e+00
 8.64000000e+00
 8.94000000e+00
 9.26000000e+00
 8.14000000e+00
 8.96000000e+00
 8.68000000e+00
 8.80000000e+00
 8.96000000e+00
 7.96000000e+00
 8.63000000e+00
 8.46000000e+00
 8.23000000e+00
 8.96000000e+00
 8.12000000e+00
 9.00000000e+00
 8.52000000e+00
 7.91000000e+00
 9.35000000e+00
 8.47000000e+00
 8.66000000e+00
 8.43000000e+00
 8.85000000e+00
 8.58000000e+00
 8.55000000e+00
 7.75000000e+00
 7.20000000e+00
 7.21000000e+00
 6.41000000e+00
 8.84000000e+00
 6.62000000e+00
 8.14000000e+00
 8.74000000e+00
 8.54000000e+00
 8.72000000e+00
 8.73000000e+00
 6.94000000e+00
 8.52000000e+00
 8.70000000e+00
 8.15000000e+00
 8.49000000e+00
 7.90000000e+00
 8.91000000e+00
 7.94000000e+00
 8.66000000e+00
 8.90000000e+00
 7.91000000e+00
 8.93000000e+00
 8.77000000e+00
 8.77000000e+00
 6.81000000e+00
 6.91000000e+00
 8.56000000e+00
 8.65000000e+00
 8.79000000e+00
 9.06000000e+00
 9.04000000e+00
 8.58000000e+00
 8.74000000e+00
 8.80000000e+00
 8.61000000e+00
 8.69000000e+00
 8.54000000e+00
 7.98000000e+00
 8.63000000e+00
 8.77000000e+00
 8.54000000e+00
 8.74000000e+00
 7.60000000e+00
 9.08000000e+00
 8.44000000e+00
 8.10000000e+00
 8.10000000e+00
 8.24000000e+00
 7.76000000e+00
 8.58000000e+00
 8.31000000e+00
 9.05000000e+00
 8.02000000e+00
 9.23000000e+00
 8.75000000e+00
 8.69000000e+00
 8.39000000e+00
 9.11000000e+00
 7.88000000e+00
 8.32000000e+00
 8.06000000e+00
 7.91000000e+00
 8.82000000e+00
 8.90000000e+00
 8.13000000e+00
 8.64000000e+00
 8.64000000e+00
 8.95000000e+00
 8.82000000e+00
 8.25000000e+00
 8.57000000e+00
 8.35000000e+00
 7.92000000e+00
 8.90000000e+00
 8.67000000e+00
 9.21000000e+00
 8.17000000e+00
 8.79000000e+00
 7.80000000e+00
 8.33000000e+00
 8.99000000e+00
 8.50000000e+00
 8.74000000e+00
 8.71000000e+00
 8.70000000e+00
 8.76000000e+00
 8.91000000e+00
 8.18000000e+00
 8.99000000e+00
 8.22000000e+00
 7.55000000e+00
 8.10000000e+00
 7.56000000e+00
 8.25000000e+00
 8.90000000e+00
 8.08000000e+00
 8.60000000e+00
 8.86000000e+00
 8.31000000e+00
 7.77000000e+00
 7.95000000e+00
 8.37000000e+00
 8.74000000e+00
 8.53000000e+00
 8.76000000e+00
 8.71000000e+00
 8.14000000e+00
 8.36000000e+00
 8.75000000e+00
 8.03000000e+00
 8.29000000e+00
 8.18000000e+00
 8.01000000e+00
 8.44000000e+00
 8.64000000e+00
 8.44000000e+00
 8.21000000e+00
 8.57000000e+00
 7.97000000e+00
 7.28000000e+00
 8.76000000e+00
 8.63000000e+00
 8.81000000e+00
 7.03000000e+00
 8.16000000e+00
 7.25000000e+00
 7.92000000e+00
 7.76000000e+00
 8.53000000e+00
 8.32000000e+00
 8.62000000e+00
 8.52000000e+00
 8.70000000e+00
 8.14000000e+00
 8.73000000e+00
 8.73000000e+00
 8.55000000e+00
 8.69000000e+00
 7.48000000e+00
 8.53000000e+00
 8.33000000e+00
 8.14000000e+00
 8.31000000e+00
 8.14000000e+00
 7.88000000e+00
 7.82000000e+00
 8.39000000e+00
 8.70000000e+00
 8.60000000e+00
 8.72000000e+00
 7.50000000e+00
 8.57000000e+00
 8.00000000e+00
 8.37000000e+00
 8.10000000e+00
 7.00000000e+00
 7.18000000e+00
 8.57000000e+00
 7.77000000e+00
 8.62000000e+00
 8.25000000e+00
 8.88000000e+00
 8.43000000e+00
 8.76000000e+00
 8.76000000e+00
 7.49000000e+00
 7.85000000e+00
 8.32000000e+00
 8.54000000e+00
 8.69000000e+00
 7.99000000e+00
 8.01000000e+00
 8.71000000e+00
 7.76000000e+00
 8.64000000e+00
 8.78000000e+00
 8.56000000e+00
 8.93000000e+00
 8.36000000e+00
 8.74000000e+00
 8.12000000e+00
 8.76000000e+00
 8.76000000e+00
 8.71000000e+00
 8.15000000e+00
 9.12000000e+00
 8.33000000e+00
 8.42000000e+00
 8.68000000e+00
 8.47000000e+00
 8.66000000e+00
 8.85000000e+00
 8.82000000e+00
 8.57000000e+00
 8.39000000e+00
 8.26000000e+00
 8.10000000e+00
 8.32000000e+00
 8.60000000e+00
 8.38000000e+00
 8.15000000e+00
 8.83000000e+00
 8.53000000e+00
 9.01000000e+00
 8.10000000e+00
 8.60000000e+00
 8.17000000e+00
 9.04000000e+00
 8.11000000e+00
 8.45000000e+00
 7.55000000e+00
 8.79000000e+00
 7.42000000e+00
 9.11000000e+00
 7.88000000e+00
 8.49000000e+00
 7.24000000e+00
 7.98000000e+00
 8.22000000e+00
 8.80000000e+00
 8.38000000e+00
 6.36000000e+00
 6.88000000e+00
 7.96000000e+00
 8.81000000e+00
 7.73000000e+00
 8.72000000e+00
 8.80000000e+00
 8.58000000e+00
 8.57000000e+00
 8.80000000e+00
 9.12000000e+00
 8.08000000e+00
 8.84000000e+00
 8.93000000e+00
 6.59000000e+00
 8.73000000e+00
 8.56000000e+00
 8.19000000e+00
 8.51000000e+00
 8.70000000e+00
 7.31000000e+00
 9.17000000e+00
 8.19000000e+00
 7.77000000e+00
 8.18000000e+00
 9.44000000e+00
 8.62000000e+00
 6.87000000e+00
 6.92000000e+00
 9.34000000e+00
 8.42000000e+00
 8.85000000e+00
 6.58000000e+00
 8.26000000e+00
 7.55000000e+00
 7.48000000e+00
 7.31000000e+00
 7.26000000e+00
 8.58000000e+00
 8.72000000e+00
 7.12000000e+00
 6.65000000e+00
 8.23000000e+00
 8.04000000e+00
 8.87000000e+00
 8.85000000e+00
 8.06000000e+00
 8.21000000e+00
 8.11000000e+00
 8.22000000e+00
 8.09000000e+00
 8.00000000e+00
 7.04000000e+00
 7.39000000e+00
 8.75000000e+00
 7.98000000e+00
 6.87000000e+00
 8.19000000e+00
 8.60000000e+00
 8.74000000e+00
 8.81000000e+00
 8.59000000e+00
 8.32000000e+00
 8.41000000e+00
 8.78000000e+00
 7.84000000e+00
 7.90000000e+00
 8.00000000e+00
 8.40000000e+00
 8.40000000e+00
 7.28000000e+00
 7.52000000e+00
 7.41000000e+00
 7.43000000e+00
 7.59000000e+00
 8.66000000e+00
 8.23000000e+00
 8.66000000e+00
 8.05000000e+00
 7.69000000e+00
 7.08000000e+00
 8.18000000e+00
 7.90000000e+00
 7.56000000e+00
 8.62000000e+00
 8.75000000e+00
 6.56000000e+00
 7.90000000e+00
 7.81000000e+00
 7.15000000e+00
 8.15000000e+00
 7.78000000e+00
 8.50000000e+00
 7.21000000e+00
 7.53000000e+00
 8.26000000e+00
 7.55000000e+00
 7.42000000e+00
 8.71000000e+00
 8.98000000e+00
 8.29000000e+00
 7.90000000e+00
 7.58000000e+00
 8.68000000e+00
 8.40000000e+00
 7.35000000e+00
 7.11000000e+00
 8.16000000e+00
 7.71000000e+00
 7.04000000e+00
 7.05000000e+00
 7.32000000e+00
 7.89000000e+00
 7.73000000e+00
 8.05000000e+00
 7.58000000e+00
 8.25000000e+00
 8.86000000e+00
 7.35000000e+00
 7.48000000e+00
 6.96000000e+00
 7.65000000e+00
 7.25000000e+00
 7.74000000e+00
 8.75000000e+00
 6.79000000e+00
 8.81000000e+00
 8.86000000e+00
 9.03000000e+00
 7.13000000e+00
 7.36000000e+00
 8.08000000e+00
 8.76000000e+00
 8.73000000e+00
 8.28000000e+00
 7.82000000e+00
 7.54000000e+00
 8.81000000e+00
 7.79000000e+00
 7.69000000e+00
 6.45000000e+00
 7.29000000e+00
 7.98000000e+00
 8.73000000e+00
 9.00000000e+00
 8.86000000e+00
 5.10000000e+00
 5.30000000e+00
 5.70000000e+00
 6.00000000e+00
 7.17000000e+00
 7.44000000e+00
 7.41000000e+00
 6.80000000e+00
 8.38000000e+00
 6.46000000e+00
 7.44000000e+00
 6.69000000e+00
 6.36000000e+00
 6.98000000e+00
 7.26000000e+00
 8.47000000e+00
 8.87000000e+00
 6.77000000e+00
 7.09000000e+00
 7.62000000e+00
 7.78000000e+00
 8.48000000e+00
 6.87000000e+00
 7.10000000e+00
 7.70000000e+00
 6.92000000e+00
 7.21000000e+00
 6.83000000e+00
 6.66000000e+00
 6.76000000e+00
 7.19000000e+00
 6.80000000e+00
 8.00000000e+00
 7.04000000e+00
 6.59000000e+00
 7.39000000e+00
 6.63000000e+00
 6.92000000e+00
 7.44000000e+00
 7.44000000e+00
 6.69000000e+00
 6.98000000e+00
 6.41000000e+00
 6.30000000e+00
 5.72000000e+00
 5.95000000e+00
 5.49000000e+00
 6.53000000e+00
 6.42000000e+00
 5.79000000e+00
 5.59000000e+00
 6.12000000e+00
 5.73000000e+00
 6.70000000e+00
 6.44000000e+00
 6.56000000e+00
 6.36000000e+00
 6.45000000e+00
 5.69000000e+00
 5.80000000e+00
 6.36000000e+00
 7.24000000e+00
 6.71000000e+00
 5.05000000e+00
 5.44000000e+00
 6.73000000e+00
 5.64000000e+00
 5.88000000e+00
 7.02000000e+00
 6.00000000e+00
 5.96000000e+00
 5.94000000e+00
 6.00000000e+00
 5.75000000e+00
 6.09000000e+00
 5.71000000e+00
 6.34000000e+00
 5.70000000e+00
 6.17000000e+00
 6.66000000e+00
 5.20000000e+00
 6.16000000e+00
 5.72000000e+00
 5.55000000e+00
 5.16000000e+00
 6.20000000e+00
 6.51000000e+00
 6.71000000e+00
 5.94000000e+00
 6.08000000e+00
 7.97000000e+00
 6.10000000e+00
 6.96000000e+00
 6.01000000e+00
 5.84000000e+00
 6.91000000e+00
 5.69000000e+00
 5.97000000e+00
 6.55000000e+00
 5.73000000e+00
 5.31000000e+00
 6.75000000e+00
 6.10000000e+00
 5.92000000e+00
 6.13000000e+00
 6.14000000e+00
 6.91000000e+00
 7.00000000e+00
 6.85000000e+00
 6.46000000e+00
 6.69000000e+00
 6.36000000e+00
 7.24000000e+00
 7.20000000e+00
 5.67000000e+00
 6.19000000e+00
 5.96000000e+00
 7.74000000e+00
 7.35000000e+00
 6.72000000e+00
 7.47000000e+00
 6.51000000e+00
 5.79000000e+00
 7.18000000e+00
 5.69000000e+00
 7.74000000e+00
 6.14000000e+00
 7.36000000e+00
 5.73000000e+00
 6.14000000e+00
 7.08000000e+00
 6.99000000e+00
 7.15000000e+00
 5.88000000e+00
 5.92000000e+00
 5.76000000e+00
 6.94000000e+00
 7.33000000e+00
 5.23000000e+00
 7.02000000e+00
 7.29000000e+00
 6.57000000e+00
 6.61000000e+00
 6.69000000e+00
 7.56000000e+00
 7.24000000e+00
 6.38000000e+00
 5.15000000e+00
 7.72000000e+00
 5.78000000e+00
 6.17000000e+00
 6.07000000e+00
 7.97000000e+00
 7.47000000e+00
 5.35000000e+00
 6.71000000e+00
 6.81000000e+00
 7.13000000e+00
 6.80000000e+00
 7.93000000e+00
 6.73000000e+00
 5.74000000e+00
 6.38000000e+00
 5.83000000e+00
 5.74000000e+00
 5.74000000e+00
 6.10000000e+00
 6.38000000e+00
 5.76000000e+00
 6.56000000e+00
 5.92000000e+00
 6.71000000e+00
 5.93000000e+00
 6.60000000e+00
 7.43000000e+00
 7.44000000e+00
 6.60000000e+00
 5.92000000e+00
 5.56000000e+00
 7.12000000e+00
 5.79000000e+00
 6.18000000e+00
 6.68000000e+00
 6.94000000e+00
 6.49000000e+00
 7.27000000e+00
 5.68000000e+00
 7.13000000e+00
 6.36000000e+00
 6.52000000e+00
 5.92000000e+00
 6.10000000e+00
 6.54000000e+00
 7.31000000e+00
 6.52000000e+00
 6.90000000e+00
 6.85000000e+00
 5.82000000e+00
 5.17000000e+00
 7.46000000e+00
 6.21000000e+00
 5.93000000e+00
 6.33000000e+00
 7.50000000e+00
 7.51000000e+00
 5.64000000e+00
 6.20000000e+00
 5.19000000e+00
 6.20000000e+00
 5.44000000e+00
 6.91000000e+00
 5.69000000e+00
 5.50000000e+00
 5.67000000e+00
 6.60000000e+00
 5.80000000e+00
 5.94000000e+00
 6.29000000e+00
 7.23000000e+00
 7.17000000e+00
 5.93000000e+00
 5.95000000e+00
 6.04000000e+00
 6.65000000e+00
 5.63000000e+00
 6.55000000e+00
 6.88000000e+00
 6.92000000e+00
 6.26000000e+00
 7.18000000e+00
 6.13000000e+00
 6.69000000e+00
 6.81000000e+00
 7.29000000e+00
 6.26000000e+00
 7.45000000e+00
 7.21000000e+00
 5.49000000e+00
 6.56000000e+00
 6.25000000e+00
 6.74000000e+00
 5.56000000e+00
 5.25000000e+00
 6.67000000e+00
 7.17000000e+00
 5.80000000e+00
 5.95000000e+00
 7.78000000e+00
 6.41000000e+00
 7.78000000e+00
 6.75000000e+00
 6.44000000e+00
 6.59000000e+00
 6.55000000e+00
 5.75000000e+00
 5.62000000e+00
 6.82000000e+00
 6.35000000e+00
 7.79000000e+00
 6.65000000e+00
 6.67000000e+00
 7.40000000e+00
 5.43000000e+00
 5.99000000e+00
 5.88000000e+00
 6.13000000e+00
 6.38000000e+00
 5.80000000e+00
 7.04000000e+00
 5.67000000e+00
 6.49000000e+00
 6.66000000e+00
 5.87000000e+00
 6.70000000e+00
 6.83000000e+00
 6.83000000e+00
 5.31000000e+00
 5.26000000e+00
 6.62000000e+00
 8.19000000e+00
 7.37000000e+00
 7.53000000e+00
 7.62000000e+00
 6.53000000e+00
 7.08000000e+00
 6.38000000e+00
 6.77000000e+00
 7.07000000e+00
 7.81000000e+00
 5.68000000e+00
 7.66000000e+00
 6.74000000e+00
 7.10000000e+00
 6.44000000e+00
 5.77000000e+00
 6.19000000e+00
 6.79000000e+00
 6.06000000e+00
 6.06000000e+00
 6.27000000e+00
 6.70000000e+00
 7.42000000e+00
 6.86000000e+00
 6.34000000e+00
 7.76000000e+00
 5.52000000e+00
 8.12000000e+00
 6.60000000e+00
 7.32000000e+00
 5.80000000e+00
 7.79000000e+00
 6.08000000e+00
 6.85000000e+00
 5.92000000e+00
 5.44000000e+00
 8.02000000e+00
 6.70000000e+00
 6.38000000e+00
 7.01000000e+00
 6.89000000e+00
 6.49000000e+00
 6.41000000e+00
 7.33000000e+00
 6.34000000e+00
 6.35000000e+00
 5.70000000e+00
 7.42000000e+00
 7.27000000e+00
 7.11000000e+00
 6.70000000e+00
 7.57000000e+00
 5.71000000e+00
 6.73000000e+00
 7.54000000e+00
 6.64000000e+00
 7.39000000e+00
 7.06000000e+00
 7.19000000e+00
 7.44000000e+00
 7.83000000e+00
 7.02000000e+00
 6.95000000e+00
 6.42000000e+00
 6.13000000e+00
 6.51000000e+00
 6.44000000e+00
 6.95000000e+00
 6.86000000e+00
 7.71000000e+00
 7.72000000e+00
 7.12000000e+00
 6.91000000e+00
 6.13000000e+00
 6.77000000e+00
 7.02000000e+00
 7.50000000e+00
 7.07000000e+00
 8.17000000e+00
 7.52000000e+00
 6.60000000e+00
 6.70000000e+00
 6.85000000e+00
 6.73000000e+00
 7.42000000e+00
 6.32000000e+00
 6.66000000e+00
 6.89000000e+00
 7.27000000e+00
 6.92000000e+00
 6.97000000e+00
 7.36000000e+00
 6.35000000e+00
 5.82000000e+00
 7.37000000e+00
 7.41000000e+00
 7.48000000e+00
 5.66000000e+00
 6.20000000e+00
 5.39000000e+00
 6.45000000e+00
 6.50000000e+00
 7.52000000e+00
 7.24000000e+00
 7.67000000e+00
 6.67000000e+00
 7.52000000e+00
 6.66000000e+00
 7.35000000e+00
 7.88000000e+00
 6.94000000e+00
 8.31000000e+00
 6.13000000e+00
 7.86000000e+00
 6.88000000e+00
 7.35000000e+00
 7.26000000e+00
 7.14000000e+00
 6.23000000e+00
 6.09000000e+00
 7.01000000e+00
 7.37000000e+00
 7.30000000e+00
 7.68000000e+00
 6.20000000e+00
 7.49000000e+00
 6.23000000e+00
 7.11000000e+00
 6.44000000e+00
 5.83000000e+00
 6.10000000e+00
 6.85000000e+00
 5.85000000e+00
 6.98000000e+00
 7.46000000e+00
 7.46000000e+00
 7.74000000e+00
 8.03000000e+00
 7.82000000e+00
 5.50000000e+00
 7.20000000e+00
 6.68000000e+00
 6.74000000e+00
 7.75000000e+00
 7.99000000e+00
 6.68000000e+00
 6.77000000e+00
 7.10000000e+00
 6.99000000e+00
 7.30000000e+00
 6.88000000e+00
 6.28000000e+00
 6.59000000e+00
 6.93000000e+00
 6.93000000e+00
 6.75000000e+00
 5.28000000e+00
 7.59000000e+00
 6.70000000e+00
 6.63000000e+00
 6.92000000e+00
 6.63000000e+00
 7.26000000e+00
 7.30000000e+00
 7.43000000e+00
 7.79000000e+00
 6.35000000e+00
 6.81000000e+00
 6.01000000e+00
 6.98000000e+00
 7.27000000e+00
 6.26000000e+00
 6.36000000e+00
 7.56000000e+00
 6.07000000e+00
 7.34000000e+00
 6.00000000e+00
 6.49000000e+00
 6.09000000e+00
 6.88000000e+00
 5.92000000e+00
 6.22000000e+00
 5.75000000e+00
 7.24000000e+00
 5.65000000e+00
 7.22000000e+00
 7.07000000e+00
 7.23000000e+00
 5.58000000e+00
 7.49000000e+00
 6.97000000e+00
 7.19000000e+00
 5.61000000e+00
 5.62000000e+00
 7.30000000e+00
 6.17000000e+00
 7.29000000e+00
 7.44000000e+00
 6.87000000e+00
 6.87000000e+00
 7.68000000e+00
 7.52000000e+00
 7.28000000e+00
 6.90000000e+00
 7.80000000e+00
 6.60000000e+00
 6.65000000e+00
 6.54000000e+00
 7.21000000e+00
 7.00000000e+00
 7.05000000e+00
 8.17000000e+00
 6.51000000e+00
 7.68000000e+00
 8.15000000e+00
 7.21000000e+00
 5.55000000e+00
 5.98000000e+00
 7.81000000e+00
 6.41000000e+00
 7.28000000e+00
 5.23000000e+00
 6.72000000e+00
 6.56000000e+00
 6.62000000e+00
 5.57000000e+00
 5.64000000e+00
 8.54000000e+00
 7.72000000e+00
 5.85000000e+00
 5.38000000e+00
 5.73000000e+00
 6.20000000e+00
 7.67000000e+00
 7.50000000e+00
 6.11000000e+00
 7.80000000e+00
 6.32000000e+00
 7.61000000e+00
 6.76000000e+00
 5.72000000e+00
 5.15000000e+00
 5.75000000e+00
 7.16000000e+00
 7.18000000e+00
 7.07000000e+00
 6.46000000e+00
 7.50000000e+00
 7.22000000e+00
 7.16000000e+00
 7.00000000e+00
 7.33000000e+00
 7.98000000e+00
 6.32000000e+00
 6.41000000e+00
 6.71000000e+00
 6.75000000e+00
 7.17000000e+00
 6.98000000e+00
 7.58000000e+00
 6.60000000e+00
 6.57000000e+00
 6.83000000e+00
 7.70000000e+00
 7.08000000e+00
 7.59000000e+00
 7.96000000e+00
 6.30000000e+00
 5.40000000e+00
 8.58000000e+00
 7.72000000e+00
 7.31000000e+00
 8.35000000e+00
 8.55000000e+00
 5.21000000e+00
 8.11000000e+00
 7.33000000e+00
 6.94000000e+00
 6.51000000e+00
 6.16000000e+00
 8.32000000e+00
 6.83000000e+00
 6.08000000e+00
 6.69000000e+00
 6.00000000e+00
 6.76000000e+00
 6.72000000e+00
 7.16000000e+00
 6.76000000e+00
 6.66000000e+00
 5.74000000e+00
 6.71000000e+00
 6.59000000e+00
 5.66000000e+00
 5.65000000e+00
 8.44000000e+00
 7.13000000e+00
 5.14000000e+00
 5.58000000e+00
 5.96000000e+00
 7.47000000e+00
 6.26000000e+00
 6.59000000e+00
 6.14000000e+00
 7.07000000e+00
 8.63000000e+00
 7.03000000e+00
 6.42000000e+00
 6.81000000e+00
 7.35000000e+00
 5.82000000e+00
 6.28000000e+00
 5.74000000e+00
 7.23000000e+00
 7.82000000e+00
 5.71000000e+00
 6.04000000e+00
 6.64000000e+00
 9.22000000e+00
 9.20000000e+00
 7.12000000e+00
 8.22000000e+00
 7.55000000e+00
 5.64000000e+00
 6.13000000e+00
 5.02000000e+00
 5.54000000e+00
 7.07000000e+00
 7.50000000e+00
 7.05000000e+00
 5.33000000e+00
 5.49000000e+00
 5.51000000e+00
 5.40000000e+00
 5.27000000e+00
 5.96000000e+00
 5.04000000e+00
 5.44000000e+00
 6.87000000e+00
 7.14000000e+00
 5.15000000e+00
 5.39000000e+00
 5.32000000e+00
 6.37000000e+00
 5.73000000e+00
 5.21000000e+00
 5.12000000e+00
 7.01000000e+00
 5.20000000e+00
 5.12000000e+00
 5.04000000e+00
 5.59000000e+00
 5.10000000e+00
 5.08000000e+00
 6.91000000e+00
 5.70000000e+00
 5.60000000e+00
 5.49000000e+00
 5.96000000e+00
 5.19000000e+00
 5.25000000e+00
 5.07000000e+00
 5.25000000e+00
 5.16000000e+00
 5.05000000e+00
 5.07000000e+00
 5.19000000e+00
 5.03000000e+00
 5.56000000e+00
 5.24000000e+00
 5.24000000e+00
 5.26000000e+00
 5.25000000e+00
 5.04000000e+00
 5.18000000e+00
 5.02000000e+00
 5.24000000e+00
 5.21000000e+00
 5.17000000e+00
 5.03000000e+00
 5.15000000e+00
 5.12000000e+00
 5.52000000e+00
 5.01000000e+00
 5.35000000e+00
 5.11000000e+00
 5.25000000e+00
 5.21000000e+00
 5.08000000e+00
 5.37000000e+00
 5.06000000e+00
 5.12000000e+00
 5.20000000e+00
 5.87000000e+00
 5.17000000e+00
 5.01000000e+00
 5.22000000e+00
 5.96000000e+00
 5.85000000e+00
 5.17000000e+00
 5.69000000e+00
 6.06000000e+00
 5.73000000e+00
 5.23000000e+00
 5.16000000e+00
 5.13000000e+00
 5.11000000e+00
 5.43000000e+00
 5.72000000e+00
 5.20000000e+00
 5.36000000e+00
 5.47000000e+00
 5.12000000e+00
 5.23000000e+00
 5.59000000e+00
 5.10000000e+00
 5.12000000e+00
 5.22000000e+00
 5.16000000e+00
 5.14000000e+00
 5.33000000e+00
 5.34000000e+00
 5.38000000e+00
 7.76000000e+00
 5.20000000e+00
 5.00000000e+00
 5.30000000e+00
 2.80000000e+01
 2.70000000e+00
 3.00000000e+00
 3.10000000e+01
 4.20000000e+01
 4.60000000e+02
 3.00000000e+01
 9.90000000e+01
 9.30000000e+01
 1.50000000e+01
 1.00000000e+01
 8.10000000e-01
 9.60000000e+00
 1.70000000e+01
 2.70000000e+00
 3.00000000e+01
 4.20000000e+01
 1.60000000e+01
 4.30000000e+01
 8.90000000e+01
 5.10000000e+01
 2.60000000e+02
 7.70000000e+01
 3.50000000e+01
 2.20000000e+01
 2.50000000e+01
 2.90000000e+01
 2.30000000e+02
 2.30000000e+01
 6.00000000e+01
 4.50000000e+01
 7.60000000e+01
 5.00000000e+01
 4.30000000e+01
 1.80000000e+01
 1.80000000e+01
 2.40000000e+01
 5.70000000e+01
 2.20000000e+01
 6.20000000e+01
 7.50000000e+01
 3.90000000e+01
 9.00000000e+00
 4.30000000e+01
 3.30000000e+01
 1.10000000e+01
 4.80000000e+01
 3.60000000e+01
 6.90000000e+00
 3.20000000e-01
 6.70000000e-01
 8.70000000e+01
 1.10000000e+01
 3.90000000e+02
 9.80000000e+02
 2.10000000e+02
 1.40000000e+00
 5.10000000e+00
 2.00000000e+00
 6.40000000e+00
 4.20000000e+00
 8.50000000e+00
 2.50000000e+00
 3.80000000e+00
 2.40000000e+01
 2.90000000e+00
 8.20000000e+01
 7.90000000e+00
 6.60000000e+01
 1.80000000e+00
 1.60000000e+00
 1.40000000e+00
 7.00000000e+01
 1.80000000e+01
 3.00000000e+00
 4.00000000e+01
 4.80000000e+01
 3.00000000e+01
 1.50000000e+02
 1.20000000e+02
 3.30000000e+01
 6.00000000e+01
 5.50000000e+00
 4.60000000e+01
 9.10000000e+01
 3.80000000e+01
 3.40000000e+01
 3.10000000e+01
 1.40000000e+02
 2.90000000e+00
 2.10000000e+01
 2.70000000e+01
 5.60000000e+01
 2.60000000e+02
 1.70000000e+03
 9.10000000e+01
 3.60000000e+03
 9.20000000e+01
 4.50000000e+01
 5.30000000e+01
 5.30000000e+01
 3.60000000e+01
 5.60000000e+01
 2.10000000e+02
 2.80000000e+03
 8.50000000e+02
 3.80000000e+01
 9.50000000e+01
 7.70000000e+01
 9.80000000e+00
 1.01000000e+01
 7.90000000e+00
 7.20000000e+00
 1.20000000e+01
 1.10000000e+01
 1.16000000e+01
 1.32000000e+01
 3.00000000e+01
 3.77000000e+01
 1.80000000e+01
 1.99000000e+01
 3.12000000e+01
 1.09000000e+01
 1.25000000e+01
 1.15000000e+01
 1.46000000e+01
 1.27000000e+01
 1.35000000e+01
 5.60000000e+00
 5.70000000e+00
 5.80000000e+00
 5.30000000e+00
 4.40000000e+00
 5.20000000e+00
 6.30000000e+00
 8.00000000e+00
 1.12000000e+01
 1.00000000e+01
 1.45000000e+01
 6.50000000e+00
 1.09000000e+01
 8.50000000e+00
 1.23000000e+01
 1.08000000e+01
 1.12000000e+01
 1.09000000e+01
 1.05000000e+01
 7.90000000e+00
 8.90000000e+00
 1.06000000e+01
 1.30000000e+01
 1.25000000e+01
 2.28000000e+01
 2.65000000e+01
 2.41000000e+01
 1.28000000e+01
 1.21000000e+01
 1.17000000e+01
 3.23000000e+01
 1.83000000e+01
 2.37000000e+01
 2.34000000e+01
 5.50000000e+00
 3.41000000e+01
 2.42000000e+01
 1.00000000e+01
 9.80000000e+00
 8.70000000e+00
 9.60000000e+00
 8.90000000e+00
 1.88000000e+01
 1.00000000e+01
 1.18000000e+01
 3.38000000e+01
 1.03000000e+01
 1.12000000e+01
 1.17000000e+01
 1.24000000e+01
 3.20000000e+01
 1.84000000e+01
 2.25000000e+01
 2.42000000e+01
 8.50000000e+00
 8.00000000e+00
 1.04000000e+01
 1.91000000e+01
 2.02000000e+01
 8.50000000e+00
 8.50000000e+00
 7.00000000e+00
 6.40000000e+00
 1.02000000e+01
 8.60000000e+00
 6.70000000e+00
 6.50000000e+00
 7.10000000e+00
 6.70000000e+00
 5.70000000e+00
 7.00000000e+00
 5.00000000e+00
 5.40000000e+00
 1.49000000e+01
 1.06000000e+01
 5.70000000e+00
 1.10000000e+01
 7.20000000e+00
 6.60000000e+00
 5.10000000e+00
 5.40000000e+00
 5.60000000e+00
 6.50000000e+00
 5.00000000e+00
 1.21000000e+01
 8.60000000e+00
 8.90000000e+00
 1.61000000e+01
 1.15000000e+01
 3.90000000e+00
 5.40000000e+00
 4.20000000e+00
 3.40000000e+00
 4.20000000e+00
 3.70000000e+00
 1.03000000e+01
 2.23000000e+01
 1.07000000e+01
 7.00000000e+00
 1.15000000e+01
 1.66000000e+01
 1.61000000e+01
 1.79000000e+01
 8.90000000e+00
 8.50000000e+00
 5.20000000e+00
 6.40000000e+00
 7.10000000e+00
 6.10000000e+00
 7.00000000e+00
 6.20000000e+00
 1.22000000e+01
 7.20000000e+00
 6.60000000e+00
 1.37000000e+01
 4.60000000e+00
 9.00000000e+00
 4.20000000e+00
 9.40000000e+00
 3.10000000e+01
 1.27000000e+01
 6.50000000e+00
 3.30000000e+00
 2.50000000e+00
 1.40000000e+00
 1.00000000e+00
 1.25000000e+01
 9.00000000e-01
 7.00000000e-01
 5.00000000e-01
 2.50000000e+01
 4.20000000e+00
 9.00000000e-01
 1.79000000e+01
 1.30000000e+00
 7.00000000e-01
 9.00000000e-01
 1.30000000e+00
 2.10000000e+00
 1.60000000e+00
 2.80000000e+00
 1.50000000e+00
 5.20000000e+00
 1.00000000e+00
 6.00000000e+00
 6.13000000e+01
 3.00000000e+00
 2.21000000e+01
 6.90000000e+00
 1.10000000e+00
 2.10000000e+00
 2.80000000e+00
 5.10000000e+00
 8.60000000e+00
 2.10000000e+00
 3.40000000e+00
 3.20000000e+00
 1.70000000e+00
 1.28000000e+01
 4.40000000e+00
 9.70000000e+00
 3.90000000e+00
 1.12000000e+01
 2.40000000e+00
 3.20000000e+00
 6.80000000e+00
 3.80000000e+00
 1.62000000e+01
 5.00000000e-01
 3.10000000e+00
 1.00000000e+00
 5.60000000e+00
 1.60000000e+00
 5.00000000e+00
 2.70000000e+01
 5.53000000e+01
 3.91000000e+01
 2.70000000e+00
 1.40000000e+00
 4.40000000e+00
 4.00000000e+00
 4.10000000e+00
 2.80000000e+00
 1.40000000e+00
 1.70000000e+00
 1.26000000e+01
 1.30000000e+00
 1.90000000e+00
 3.40000000e+00
 1.45000000e+01
 3.70000000e+00
 2.64000000e+01
 3.90000000e+00
 1.41000000e+01
 7.96000000e+01
 8.29000000e+01
 9.90000000e+00
 5.29000000e+01
 8.20000000e+00
 5.50000000e+00
 8.19000000e+01
 1.70000000e+01
 5.45000000e+01
 1.64000000e+01
 1.70000000e+01
 2.48000000e+01
 5.45000000e+01
 3.08000000e+01
 3.92000000e+01
 5.03000000e+01
 5.60000000e+00
 8.70000000e+00
 6.40000000e+00
 9.40000000e+00
 3.90000000e+00
 8.40000000e+00
 1.75000000e+01
 2.70000000e+01
 4.21000000e+01
 5.27000000e+01
 1.12000000e+01
 2.49000000e+01
 3.70000000e+00
 8.80000000e+00
 6.80000000e+00
 9.00000000e+00
 6.80000000e+00
 8.20000000e+00
 1.89000000e+01
 2.51000000e+01
 2.73000000e+01
 5.00000000e+00
 3.90000000e+00
 8.00000000e+00
 8.50000000e+00
 1.20000000e+01
 3.80000000e+00
 3.40000000e+01
 2.10000000e+01
 1.60000000e+01
 3.30000000e+01
 7.00000000e+00
 3.40000000e+00
 2.20000000e+01
 1.00000000e+01
 3.20000000e+01
 1.60000000e+01
 3.70000000e+01
 1.80000000e+00
 8.30000000e+01
 6.10000000e+01
 6.20000000e+01
 1.30000000e+00
 1.40000000e+01
 9.80000000e+01
 4.80000000e+01
 7.30000000e+00
 6.20000000e+01
 2.20000000e+01
 9.40000000e+01
 5.90000000e+01
 1.49000000e+01
 4.30000000e+00
 2.00000000e+01
 1.04000000e+01
 2.90000000e+00
 1.40000000e+01
 9.00000000e+01
 9.00000000e+00
 3.40000000e+00
 3.20000000e+01
 9.30000000e+00
 1.80000000e+01
 6.58000000e+01
 4.50000000e+01
 7.20000000e+02
 1.73000000e+02
 1.28000000e+03
 2.60000000e+03
 6.21000000e+02
 4.20000000e+01
 1.19000000e+03
 1.02000000e+03
 3.24000000e+02
 3.89000000e+03
 1.64000000e+02
 2.86000000e+03
 6.01000000e+02
 3.20000000e+03
 1.68000000e+03
 1.17000000e+03
 4.95000000e+02
 2.02700000e+03
 1.12000000e+02
 1.55000000e+02
 1.05000000e+02
 2.19000000e+03
 5.94000000e+03
 6.44000000e+03
 7.70000000e+03
 2.29000000e+03
 1.97000000e+02
 2.97000000e+02
 7.77000000e+02
 8.03000000e+03
 1.95000000e+03
 1.31000000e+02
 2.15200000e+03
 1.15000000e+02
 6.60000000e+02
 2.69400000e+03
 5.19000000e+02
 3.51000000e+03
 7.37000000e+03
 4.92000000e+03
 1.03000000e+03
 3.92000000e+03
 7.37000000e+03
 2.24000000e+02
 6.21000000e+03
 6.47500000e+03
 1.73000000e+02
 5.13000000e+02
 1.00000000e+00
 4.80000000e+00
 9.30000000e+00
 5.20000000e+00
 1.00000000e+01
 8.60000000e+00
 1.18000000e+01
 1.22000000e+01
 1.50000000e+01
 1.92000000e+01
 1.00000000e+01
 1.04000000e+01
 1.08000000e+01
 1.91000000e+01
 9.91000000e+01
 1.00000000e+00
 2.15000000e+01
 1.00000000e+01
 1.00000000e+01
 1.50000000e+01
 2.90000000e+00
 8.00000000e+00
 2.20000000e+00
 8.40000000e-01
 9.30000000e+00
 1.75000000e+01
 1.00000000e+00
 1.00000000e+00
 5.91000000e+02
 2.00000000e-01
 8.25300000e+02
 9.75100000e+02
 4.31000000e+02
 6.17700000e+02
 2.39900000e+02
 3.60000000e+00
 5.00000000e-01
 1.28000000e+01
 5.70000000e+00
 3.00000000e+00
 7.60000000e+00
 6.50000000e+00
 3.60000000e+00
 1.10000000e+00
 6.70000000e+00
 1.12000000e+01
 2.20000000e+00
 1.60000000e+00
 8.10000000e+00
 2.65000000e+01
 5.20000000e+00
 1.30000000e+00
 1.10000000e+00
 1.20000000e+00
 1.20000000e+00
 4.06000000e+00
 4.63500000e+03
 2.26400000e+03
 3.38490000e+04
 1.83250000e+04
 1.99990000e+04
 5.47900000e+03
 4.28590000e+04
 2.50000000e+02
 3.80000000e+01
 5.30000000e+00
 2.80000000e+00
 9.40000000e+00
 1.90000000e+00
 1.70000000e+00
 1.30000000e+00
 4.70000000e+00
 1.30000000e+00
 2.10000000e+00
 4.70000000e+00
 2.40000000e+01
 1.40000000e+00
 1.30000000e+01
 8.00000000e-01
 2.00000000e-01
 1.10000000e+00
 1.50000000e+00
 1.00000000e+00
 8.00000000e-01
 3.90000000e+00
 7.00000000e-01
 2.30000000e+00
 6.00000000e-01
 1.50000000e+00
 1.00000000e+00
 7.00000000e-01
 1.80000000e+00
 4.00000000e-01
 6.00000000e+00
 2.20000000e+00
 1.60000000e+00
 3.40000000e+00
 1.60000000e+00
 2.80000000e+01
 8.60000000e+00
 9.40000000e+00
 1.10000000e+01
 1.20000000e+01
 2.40000000e+00
 1.60000000e+01
 3.70000000e+01
 1.10000000e+01
 1.10000000e+00
 4.10000000e+00
 1.30000000e+00
 5.60000000e+00
 7.80000000e+00
 1.20000000e+00
 1.49000000e+01
 4.88000000e+01
 1.67300000e+02
 4.18400000e+02
 4.37300000e+02
 4.56000000e+02
 1.27900000e+02
 3.27400000e+02
 3.80000000e+03
 6.35000000e+01
 1.06000000e+01
 2.79000000e+01
 2.52000000e+01
 1.80000000e+01
 3.23000000e+01
 1.68300000e+02
 9.15000000e+01
 1.61000000e+01
 2.49000000e+01
 7.00000000e-01
 5.58000000e+01
 6.65000000e+01
 6.26000000e+01
 3.91200000e+02
 1.61000000e+01
 1.45000000e+01
 9.00000000e+00
 1.00000000e+01
 3.65000000e+00
 2.80000000e-01
 9.10000000e-01
 9.90000000e-01
 1.97000000e+00
 2.28000000e+00
 4.59000000e+00
 1.81000000e+00
 1.21000000e+00
 1.16000000e+00
 1.18000000e+00
 1.06000000e+00
 1.32000000e+00
 1.06000000e+00
 1.23000000e+00
 1.07000000e+00
 2.00000000e+02
 1.77000000e+00
 7.30000000e-01
 3.54000000e+00
 3.08000000e+00
 1.07000000e+01
 2.33000000e+00
 1.10000000e+00
 3.52000000e+01
 2.19600000e+02
 1.47600000e+02
 4.90000000e+01
 9.93000000e+01
 1.40000000e+01
 3.70000000e+00
 1.30000000e+01
 1.04000000e+01
 5.60000000e+00
 2.11000000e+01
 6.20000000e+00
 1.20000000e+00
 5.00000000e+01
 1.50700000e+03
 9.82000000e+01
 2.00000000e+02
 1.40000000e+02
 6.60000000e+03
 1.80000000e+03
 6.20000000e+02
 4.70000000e+03
 6.10000000e+01
 1.50000000e+01
 2.70000000e+02
 1.70000000e+02
 4.40000000e+01
 6.20000000e+01
 2.00000000e+02
 1.40000000e+02
 9.40000000e+01
 1.00000000e+02
 1.20000000e+02
 4.10000000e+01
 1.60000000e+03
 1.67000000e+02
 2.90000000e+00
 4.09000000e-01
 1.92000000e-01
 1.63000000e-01
 1.27000000e+02
 2.10000000e+00
 2.85000000e+02
 1.29000000e+01
 2.35000000e+01
 7.60000000e+00
 2.80000000e+00
 1.02000000e+01
 9.00000000e-01
 4.60000000e+00
 8.20000000e+00
 1.32000000e+02
 6.75000000e+01
 3.61000000e+01
 2.22000000e+01
 1.00000000e+00
 1.20000000e+00
 1.90000000e+00
 2.00000000e+00
 1.90000000e+00
 1.60000000e+00
 1.20000000e+00
 6.20000000e+00
 1.28000000e+01
 4.10000000e+00
 6.10000000e+00
 3.60000000e+00
 7.40000000e+00
 1.75000000e+01
 5.00000000e-01
 7.00000000e-01
 1.14500000e+02
 1.08000000e+01
 1.20000000e+00
 1.63000000e+01
 6.00000000e-01
 8.00000000e-01
 2.40000000e+00
 3.09000000e+01
 2.04000000e+01
 4.00000000e-01
 1.20000000e+00
 3.89000000e+00
 8.00000000e+00
 2.80000000e-01
 3.90000000e-01
 6.10000000e-01
 1.70000000e-01
 4.20000000e-01
 4.80000000e-01
 3.00000000e-01
 3.10000000e-01
 2.30000000e-01
 3.90000000e-01
 3.80000000e-01
 4.60000000e-01
 6.70000000e-01
 7.00000000e-01
 9.61700000e+02
 6.00000000e+00
 1.30000000e+01
 3.91000000e+02
 6.71000000e+03
 8.34000000e+03
 5.40000000e+01
 1.70000000e+01
 1.20000000e+01
 2.00000000e+01
 7.20000000e+01
 8.90000000e+01
 1.19000000e+02
 3.73000000e+02
 1.05000000e+03
 1.45000000e+02
 6.00000000e-01
 6.00000000e-01
 2.50000000e+00
 7.20000000e+00
 1.70000000e+00
 1.40000000e+00
 2.60000000e+00
 6.00000000e-01
 9.00000000e-01
 8.00000000e-01
 3.00000000e-01
 8.00000000e-01
 4.03000000e+01
 1.63900000e+02
 9.00000000e+00
 1.05100000e+02
 3.89300000e+02
 4.40000000e+00
 3.80000000e+00
 2.10000000e+00
 2.00000000e+00
 2.90000000e+00
 8.00000000e-01
 8.00000000e-01
 2.60000000e+00
 3.09000000e+01
 3.00000000e-01
 1.50000000e+00
 3.69800000e+01
 1.62500000e+01
 1.82200000e+01
 5.71500000e+01
 3.34500000e+01
 5.89400000e+01
 1.85200000e+01
 1.72300000e+01
 2.54500000e+01
 2.21600000e+01
 6.21500000e+01
 3.58900000e+01
 2.81500000e+01
 4.52600000e+01
 4.75200000e+01
 2.15600000e+01
 1.62300000e+01
 2.64700000e+01
 4.69000000e+00
 2.80000000e-01
 1.30000000e-01
 6.70000000e-01
 1.50000000e+00
 3.20000000e-01
 5.91000000e+02
 1.20000000e+00
 2.80000000e+00
 2.00000000e+00
 1.01000000e+01
 3.20000000e+00
 6.70000000e+00
 1.15000000e+01
 1.17000000e+01
 2.68000000e+01
 1.16000000e+01
 3.11000000e+01
 2.01000000e+01
 1.29000000e+01
 6.70000000e+00
 6.40000000e+00
 9.00000000e+00
 5.54000000e+01
 2.07000000e+01
 2.54000000e+01
 1.93000000e+01
 1.10000000e+00
 1.10300000e+03
 8.08000000e+02
 1.21700000e+03
 5.90000000e-01
 3.30000000e+00
 3.70900000e+03
 8.80000000e+00
 1.17000000e+01
 3.00000000e-01
 3.00000000e-01
 8.80000000e+00
 7.70000000e+00
 6.90000000e+00
 7.20000000e+00
 5.00000000e-01
 1.40000000e+00
 2.00000000e-01
 6.00000000e-01
 3.00000000e-01
 2.00000000e-01
 1.40000000e+01
 1.45000000e+01
 7.44000000e+01
 1.42000000e+01
 6.20000000e+00
 7.80000000e+00
 1.05000000e+01
 4.10000000e+00
 4.24000000e+01
 1.65000000e+01
 3.90000000e+00
 3.00000000e-01
 1.20000000e+00
 2.00000000e-01
 2.15000000e+01
 1.00000000e-02
 3.10000000e+00
 2.30000000e+01
 9.90000000e+01
 4.00000000e+01
 2.10000000e+00
 7.50000000e-01
 1.13000000e+01
 2.42000000e+00
 2.20000000e+00
 1.70000000e+00
 7.00000000e-03
 8.68000000e-01
 6.00000000e+00
 8.30000000e+01
 7.50000000e+00
 1.90000000e+00
 1.10000000e+00
 8.20000000e+01
 1.10000000e+00
 1.20000000e-01
 1.70000000e-01
 4.40000000e+00
 2.70000000e+01
 1.50000000e+00
 9.20000000e+00
 2.00000000e+01
 7.90000000e-01
 9.80000000e+00
 2.10000000e+01
 3.20000000e+02
 2.10000000e+00
 9.90000000e-01
 3.70000000e+00
 2.20000000e+01
 3.70000000e+01
 5.70000000e-01
 5.00000000e+01
 2.10000000e+00
 8.00000000e+00
 1.00000000e+00
 1.20000000e+00
 2.00000000e+00
 1.20000000e+00
 1.50000000e+00
 2.70000000e+00
 1.40000000e+00
 1.20000000e+00
 1.20000000e+00
 6.50000000e-01
 1.30000000e+00
 2.40000000e+00
 8.20000000e-01
 1.00000000e+00
 1.20000000e+00
 1.60000000e+00
 1.60000000e+00
 5.70000000e-01
 1.90000000e+00
 1.40000000e+00
 8.50000000e+01
 2.50000000e+00
 9.00000000e-01
 2.80000000e+00
 4.00000000e-01
 1.20000000e+00
 2.00000000e-01
 1.40000000e+02
 1.75000000e+01
